Selection	View	Channel	Begin Time (s)	End Time (s)	Low Freq (Hz)	High Freq (Hz)	Note	CEE
1	Spectrogram 1	1	418.712444993	418.712444993	11250.000	11250.000	clicks?	
3	Spectrogram 1	1	1637.613733498	1637.613733498	7670.500	7670.500	start breath	
4	Spectrogram 1	1	1855.313303441	1855.313303441	1022.700	1022.700	end breath	
5	Spectrogram 1	1	5800.966483853	5800.966483853	4421.100	4421.100	start breath	
6	Spectrogram 1	1	7105.720964501	7105.720964501	4815.800	4815.800	start breath	
7	Spectrogram 1	1	8294.310210113	8294.310210113	4065.800	4065.800		y
10	Spectrogram 1	1	8319.142633544	8319.142633544	3789.500	3789.500		y
11	Spectrogram 1	1	8294.450506291	8294.450506291	4026.300	4026.300		y
12	Spectrogram 1	1	8319.423225900	8319.423225900	3789.500	3789.500		y
13	Spectrogram 1	1	8343.975056976	8343.975056976	3789.500	3789.500		y
14	Spectrogram 1	1	8369.228368940	8369.228368940	3789.500	3789.500		y
15	Spectrogram 1	1	8393.780200016	8393.780200016	3789.500	3789.500		y
16	Spectrogram 1	1	8418.612623448	8418.612623448	3710.500	3710.500		y
17	Spectrogram 1	1	8444.006231589	8444.006231589	3750.000	3750.000		y
18	Spectrogram 1	1	8583.460636269	8583.460636269	4016.100	4016.100	breath start	
19	Spectrogram 1	1	8469.399843898	8469.399843898	3774.200	3774.200		y
20	Spectrogram 1	1	8494.512859684	8494.512859684	3967.700	3967.700		y
21	Spectrogram 1	1	8518.643802228	8518.643802228	3967.700	3967.700		y
22	Spectrogram 1	1	8544.177706547	8544.177706547	3967.700	3967.700		y
23	Spectrogram 1	1	8569.431018511	8569.431018511	3871.000	3871.000		y
24	Spectrogram 1	1	8593.842553410	8593.842553410	3774.200	3774.200		y
25	Spectrogram 1	1	8618.955569197	8618.955569197	3677.400	3677.400		y
26	Spectrogram 1	1	8668.339827871	8668.339827871	3774.200	3774.200		y
27	Spectrogram 1	1	8694.294620723	8694.294620723	3774.200	3774.200		y
28	Spectrogram 1	1	8719.127044154	8719.127044154	3967.700	3967.700		y
29	Spectrogram 1	1	8744.240059941	8744.240059941	3774.200	3774.200		y
30	Spectrogram 1	1	8768.932187195	8768.932187195	3919.400	3919.400		y
31	Spectrogram 1	1	8795.728757112	8795.728757112	3967.700	3967.700		y
32	Spectrogram 1	1	8818.597034058	8818.597034058	3822.600	3822.600		y
33	Spectrogram 1	1	8843.289165478	8843.289165478	3580.600	3580.600		y
34	Spectrogram 1	1	8869.384254508	8869.384254508	3532.300	3532.300		y
35	Spectrogram 1	1	8893.936085584	8893.936085584	3967.700	3967.700		y
36	Spectrogram 1	1	8919.189397548	8919.189397548	3967.700	3967.700		y
37	Spectrogram 1	1	8944.583005690	8944.583005690	4064.500	4064.500		y
38	Spectrogram 1	1	8968.713948233	8968.713948233	4112.900	4112.900		y
39	Spectrogram 1	1	8994.668741085	8994.668741085	3871.000	3871.000		y
40	Spectrogram 1	1	9018.238503085	9018.238503085	3629.000	3629.000		y
41	Spectrogram 1	1	9043.070926517	9043.070926517	3629.000	3629.000		y
42	Spectrogram 1	1	9068.885423191	9068.885423191	3871.000	3871.000		y
43	Spectrogram 1	1	9093.858142800	9093.858142800	3725.800	3725.800		y
44	Spectrogram 1	1	9119.672639475	9119.672639475	3871.000	3871.000		y
45	Spectrogram 1	1	9143.803582018	9143.803582018	3774.200	3774.200		y
46	Spectrogram 1	1	9168.636005449	9168.636005449	3919.400	3919.400		y
47	Spectrogram 1	1	9194.310210113	9194.310210113	3774.200	3774.200		y
48	Spectrogram 1	1	9219.844114432	9219.844114432	3774.200	3774.200		y
49	Spectrogram 1	1	9244.536241686	9244.536241686	3967.700	3967.700		y
50	Spectrogram 1	1	9269.368665118	9269.368665118	3871.000	3871.000		y
51	Spectrogram 1	1	9295.463754147	9295.463754147	4112.900	4112.900		y
52	Spectrogram 1	1	9320.436473756	9320.436473756	3919.400	3919.400		y
53	Spectrogram 1	1	9345.128601010	9345.128601010	3871.000	3871.000		y
54	Spectrogram 1	1	9369.820732431	9369.820732431	3774.200	3774.200		y
55	Spectrogram 1	1	9397.038190881	9397.038190881	3822.600	3822.600		y
56	Spectrogram 1	1	9419.485579293	9419.485579293	3967.700	3967.700		y
57	Spectrogram 1	1	9445.720964501	9445.720964501	3871.000	3871.000		y
58	Spectrogram 1	1	9470.132499399	9470.132499399	3871.000	3871.000		y
59	Spectrogram 1	1	9494.824626653	9494.824626653	4064.500	4064.500		y
60	Spectrogram 1	1	9520.218234795	9520.218234795	4209.700	4209.700		y
61	Spectrogram 1	1	9544.770070038	9544.770070038	3629.000	3629.000		y
62	Spectrogram 1	1	9570.163678179	9570.163678179	3871.000	3871.000		y
63	Spectrogram 1	1	9594.996101611	9594.996101611	3677.400	3677.400		y
64	Spectrogram 1	1	9620.530005930	9620.530005930	3774.200	3774.200		y
65	Spectrogram 1	1	9646.063910249	9646.063910249	3967.700	3967.700		y
66	Spectrogram 1	1	9670.475445148	9670.475445148	3774.200	3774.200		y
67	Spectrogram 1	1	9695.588460935	9695.728757112	3967.700	3967.700		y
68	Spectrogram 1	1	9745.814496674	9745.814496674	3725.800	3774.200		y
69	Spectrogram 1	1	9770.927512461	9770.927512461	3871.000	3871.000		y
70	Spectrogram 1	1	9796.040528248	9796.040528248	3774.200	3774.200		y
71	Spectrogram 1	1	9821.293840212	9821.293840212	3871.000	3871.000		y
72	Spectrogram 1	1	9846.406855998	9846.406855998	3822.600	3822.600		y
73	Spectrogram 1	1	9869.836317654	9869.836317654	3919.400	3919.400		y
74	Spectrogram 1	1	9896.071702861	9896.211999039	3919.400	3919.400		y
75	Spectrogram 1	1	13207.622757593	13207.622757593	3145.200	3145.200	breath start	
76	Spectrogram 1	1	14663.335929482	14663.335929482	3290.300	3290.300	breath start	
77	Spectrogram 1	1	16482.556505810	16482.556505810	1403.200	1403.200	breath start	
78	Spectrogram 1	1	18602.852687555	18602.852687555	7306.500	7354.800	boat	
